2202960
2467499
2416793
2227207
2032011
838852
1579829
2074457
2513886
2416796
1476244
1996800
1992242
2074456
2021079
1585190
2467494
1585526
986415
2392565
1582204
1996803
1888944
1211921
2227210
2392566
736129
1960448
2203202
1996796
1996793
1995847
198237
2429967
2467500
203802
2447655
1062134
1529816
2260238
2513888
2483063
2084192
1888942
198242
1013281
2258339
1505303
2074455
2032012
1996795
986416
2227209
1582206
1062130
2105005
875630
1960449
1585530
1585525
1498474
2416794
2350403
1996798
1996791
1992241
2374538
1943654
1995846
1529809
2416792
2048824
198236
2048827
1529815
2236271
2144839
2467497
2144842
2034779
1996792
2236273
2467495
1995845
2467952
1579828
1529812
266313
2121297
1013280
1888940
2105821
1062137
1476247
2202959
1211920
2513887
1585527
1529811
2387371
2253788
1888941
2392556
1999342
1062286
1582205
1888939
2005656
2387361
1999344
1996801
2456019
2483062
2416790
