1996795,6.953140735626221,8.003920461309265
2034779,4.294074535369873,4.806213726954782
2074455,2.047672986984253,2.1047641133105164
2387371,1.9510537385940552,1.9885729401777004
1996803,1.926322340965271,1.958831763842964


2483062,4.387779712677002,5.6105968488709035
2034779,4.340969085693359,5.547004038790142
1996795,3.4049551486968994,4.275417641343227
2387371,2.9360978603363037,3.6384692726722667
2392565,2.2106807231903076,2.652981207152982
2387361,1.7346906661987305,2.0063428849366747


2034779,5.281640529632568,9.41844169767621
986415,1.189582347869873,1.8324263822577347


2034779,4.893877029418945,6.52354854297935
2483062,4.525426864624023,6.0070493653367665
986415,2.9416463375091553,3.786881163548949
198242,1.9701427221298218,2.425012269557514
838852,1.7384684085845947,2.100247609746269








1996795
2034779
2483062
198242?

2387371?
986415?